    -0.900     3.410     1.000     0.000     1.000
    -0.706     3.071     1.000     0.000     1.000
     0.708     4.264     1.000     0.000     1.000
     0.597     3.450     1.000     0.000     1.000
     0.844     3.753     1.000     0.000     1.000
     1.042     3.581     1.000     0.000     1.000
     1.368     4.428     1.000     0.000     1.000
     1.426     3.279     1.000     0.000     1.000
     1.233     2.591     0.998     0.002     1.000
     2.002     3.244     0.999     0.001     1.000
     1.963     3.015     0.998     0.002     1.000
     3.090     4.303     1.000     0.000     1.000
     2.600     3.514     0.998     0.002     1.000
     2.570     3.450     0.998     0.002     1.000
     2.570     3.390     0.997     0.003     1.000
     2.873     3.116     0.967     0.033     1.000
     2.790     2.975     0.957     0.043     1.000
     3.339     3.471     0.958     0.042     1.000
     4.813     3.162     0.032     0.968     2.000
     4.911     2.663     0.012     0.988     2.000
